7107
6012
9397
6245
9246
1333
5925
7353
6076
7548
2833
4878
4802
2804
4903
131
8612
2169
7232
8573
6942
7680
1488
120
3388
6142
5695
5260
8212
1086
8528
850
7997
9629
7153
8482
3026
1427
8690
2880
1360
1498
7469
3504
482
7059
862
4300
8155
1621
9275
7393
1205
5039
7638
371
6564
808
5121
7501
5957
3435
9240
1037
3610
2995
2712
7396
9101
6223
264
1352
3598
5878
9193
9808
3867
4366
6824
3073
9016
9303
6152
2893
5938
9741
6466
1788
8314
9676
6875
2071
4095
5517
7421
6468
7844
9728
5598
7092
848
1719
2927
2823
5189
9706
8520
6150
7456
8071
7934
1391
1167
1492
8981
9529
5031
5363
2728
9732
8231
5360
2093
796
9229
7675
4703
8465
5986
2750
18
5692
6802
3245
855
7841
1220
8826
2150
185
9675
650
3172
998
4404
8902
3051
8915
8373
4552
2677
2528
2359
7538
5578
2267
9635
1170
1126
7009
2426
512
1640
2855
6886
2034
1176
5458
4271
1716
1735
4655
9996
2936
7162
5192
3709
6443
2472
8964
340
3423
10
1692
6760
6320
1187
1963
939
1547
6386
7302
6197
4260
5673
24
9023
5658
1815
6002
4822
4180
9012
4643
4514
9119
3221
8291
7596
4054
6726
4583
5712
8815
6532
66
2976
419
6682
3441
7091
3885
6759
3833
2029
5138
4740
6746
6454
3328
607
7749
3832
2140
9392
5470
661
1073
5250
6425
6642
8294
9239
2148
1101
2846
7715
2965
5213
9106
6762
1105
4000
6777
4652
494
1730
9708
839
3752
9897
3091
9771
5611
5528
637
8951
5115
3524
6634
1981
6093
5788
4966
8309
2343
9619
7064
6512
7580
4709
9667
8822
6237
1507
9308
1228
9949
6217
6462
1219
8191
2360
8659
5385
1136
3814
3448
457
2552
762
7711
7741
8580
6503
2762
2875
7381
3258
6426
3382
2883
6720
1348
4516
5964
6840
4402
7935
7700
4628
7920
8353
1895
8388
1351
7995
2983
3419
6469
5295
6890
2742
6027
8281
9886
4813
1055
6332
5176
868
7877
7802
8417
1504
6719
7810
3491
5180
9005
7146
8932
6406
2042
5028
409
3797
739
1919
7752
1870
7500
3109
8263
8738
2162
2372
3048
870
4229
3063
9479
7882
1669
4063
9060
5329
5348
4321
9797
963
5588
8895
6411
2259
3272
9849
518
9985
9008
1482
5759
5293
2822
2305
377
6964
6539
2155
8933
1810
3760
5740
887
6227
9621
9760
2708
4165
4193
4543
4916
3828
3574
9757
7526
373
7448
5999
1710
8705
2118
8737
2640
4971
6186
5933
3418
2790
4333
6776
5750
8430
5276
5167
5454
2888
5900
9165
4933
698
4884
9914
3678
1405
2587
8608
3549
7923
3970
6607
9881
4457
2651
2537
5376
734
1155
6789
7290
1745
5811
552
3830
5098
2844
9826
2301
4438
337
5088
5234
5721
7594
1390
501
6194
7288
777
4077
416
9286
3369
8566
599
9586
7390
5365
2204
5184
7807
1770
5735
2468
2058
5485
2926
9573
3399
6282
2019
7563
7460
2135
5476
9862
9663
4408
7562
4280
9030
3584
9087
8018
227
5871
2152
1441
8194
1937
4205
3808
8924
5888
7720
611
6183
3974
2562
4698
1837
1520
7661
6280
8810
3910
9896
2592
5075
815
4092
2337
9786
2922
6138
573
6292
4827
7834
4290
6797
8773
2837
9863
6358
9082
7276
2231
983
6936
4682
4568
1182
9494
7845
9334
6219
2303
8257
7745
1122
1525
5994
5975
8105
49
6051
1091
591
6206
9669
231
3327
1857
9722
6099
7271
3788
7498
7527
1642
7041
3199
5997
7052
9492
1726
2046
7216
6383
2331
6798
7019
8274
2323
1474
5690
7684
1586
1703
2773
6927
1269
594
6405
938
3060
2389
6916
2978
1434
1198
4217
5168
9779
332
6312
9770
2409
3145
2287
2443
893
9214
1151
299
8819
7342
1223
2121
302
1697
7843
1718
1651
6668
6424
4657
841
2553
6556
9472
4890
6148
6185
4686
2185
1907
803
380
2539
5150
3168
7270
5739
6107
2516
5742
6325
6278
14
7465
5135
7204
828
2583
7333
9614
1324
1720
3526
2509
1912
4799
5442
587
6261
997
5381
6624
9544
6071
3706
1611
4848
352
6014
3083
331
1389
6089
7074
9395
6203
4255
2483
4859
4909
7542
7819
3708
1899
8918
454
3209
2326
8624
4059
5666
9414
8792
3671
3917
679
4093
555
2808
9067
1461
1247
3474
8135
100
7454
7006
2435
7125
4911
1394
7625
5916
9244
5114
5937
9661
1466
6841
3880
6829
5131
2079
9192
5974
604
1834
7953
8882
5048
1281
7111
3751
3684
9459
4591
1423
9931
8335
2937
1929
8132
6116
4921
1196
6844
3700
1147
1288
5286
933
5887
2161
5163
7579
9156
7961
6896
5432
7505
4010
9923
9660
7985
8088
1862
8037
4717
4980
2007
9601
6113
9790
4137
642
367
2820
2130
2673
3155
8306
6249
9542
8436
1976
2744
2635
9458
1704
5369
9962
711
3170
9550
4684
1396
4790
362
8818
8990
3277
3721
6562
8585
1416
1148
4211
2433
2378
6887
7686
8808
5467
787
5236
844
1090
158
1985
7688
697
1877
4500
2591
9255
2996
9918
6533
7922
4814
1691
8743
8661
736
7102
3208
6696
2944
5328
3988
7525
114
7263
8988
4999
7516
3489
5953
597
912
8393
8118
6486
3923
9510
671
292
1386
9160
7917
9540
929
9570
473
651
187
2585
1395
5199
7002
5847
5001
6038
2471
2379
4776
2787
1015
3217
9054
728
5258
5741
4439
6192
2576
6718
7371
3218
9942
8403
6579
6805
9039
6078
5248
1678
1855
4729
4337
530
9739
7853
4254
2792
1560
2577
2170
6306
4936
8004
7916
4871
1552
691
6676
7829
1570
9846
9474
6715
1933
6986
1545
2442
2791
6258
6456
7249
9423
5049
2858
285
4918
170
861
4482
2898
7415
9983
9743
3104
295
3772
6346
964
4789
3184
8842
8248
9558
7317
5614
8980
559
5492
4817
1769
5390
4134
1184
6474
1980
3408
5799
6402
4632
8260
4744
1528
156
3270
7000
5089
1982
6636
5285
667
7169
2885
3367
2522
5693
1039
4177
6551
5971
8920
9633
766
5583
6591
9469
3785
9336
6111
8950
3996
9764
1654
7414
2656
8537
8395
2953
9259
2300
1213
9251
2952
2675
2556
9718
712
9972
8678
7996
613
2081
1118
9810
8305
9427
5551
8510
8339
2869
6378
9981
7296
6200
2232
4
4608
4825
7772
5244
5169
9851
5837
6427
9651
6154
9496
3475
7277
8645
3503
9091
5157
453
781
5967
6629
4431
8603
2570
6290
4024
7190
1193
2143
9998
9977
5789
248
2793
7734
2066
3724
6522
5903
3214
1183
6188
3528
6663
1565
73
8984
7991
3192
8352
364
6067
5418
9435
7849
2786
3268
9306
9528
9445
6483
1331
5909
2099
8323
1338
2253
84
9029
753
2214
4413
4872
3607
4935
1700
8887
2908
2691
3596
5009
2873
2515
6221
5972
1740
5056
7805
412
8550
6211
635
7868
2147
7008
469
6394
4673
1951
4906
6119
477
9670
3816
3074
4803
8480
4956
7871
7771
1607
9579
4190
5223
4550
2250
3377
6124
2550
6359
3742
9820
5995
2354
4168
5188
4486
2087
4377
5823
1945
9069
9514
6333
5331
4532
7121
9410
7348
8517
1115
2159
7109
5976
8512
4963
5608
1410
9534
3449
2660
1002
8039
9247
1655
6978
5222
9566
993
5573
1665
8733
2062
1979
4715
7034
9992
125
1380
6414
6586
3536
4220
1859
8672
8427
4664
2859
9737
8371
7207
9467
8049
4419
5252
316
2771
5537
5637
6948
2589
5193
9871
3666
5265
7306
925
2719
2901
5619
5834
8001
1852
6857
3863
4128
4607
7939
3716
5503
80
6594
1854
9416
5214
7859
3941
3739
5220
9481
3530
5570
3071
9517
9235
2015
3770
3911
4812
7084
8246
7071
1035
1636
6653
5991
1260
5626
7914
7215
8499
6055
5266
2928
6165
4018
7095
1567
913
7088
520
937
7280
485
3779
6345
8751
3563
1295
3385
940
4670
7821
6492
2998
8697
2361
5076
586
1631
4846
2911
9099
909
6524
3600
2263
6053
5300
9641
3304
7284
9963
2769
5895
5396
6190
21
4783
2398
7219
6738
4022
3201
3163
7639
5982
7885
6
8032
7520
2132
4083
2486
8639
3125
4461
6655
4754
8785
6281
2028
9668
9500
1696
1747
1143
8424
2943
3238
7880
647
9452
8715
575
3672
415
5607
2946
9382
1458
3922
2258
9389
6432
6340
8214
5707
8635
811
1264
5867
8828
151
8992
8175
9022
7586
5332
7668
7253
700
9883
5724
5391
6163
2916
7292
3945
8213
6577
1968
8019
6557
6105
1011
7392
6151
2048
7952
7523
175
3641
7293
8466
7667
8793
7613
2344
1753
2613
5642
6442
3617
1092
2363
1354
9847
6166
3844
8541
1276
5870
5746
4602
2202
4169
1287
8782
5046
5165
9750
4347
9033
3951
1445
8131
8713
5711
6417
1535
8313
7255
612
576
2535
2868
8991
8046
2629
6816
5082
5817
4446
1221
7972
3823
7748
1635
5557
8804
7252
6022
6266
4332
4800
5545
34
1273
6318
6421
6088
8048
4723
7490
9413
198
6732
8153
8358
9175
8126
6662
3920
7164
3457
3185
7581
5874
9396
2645
4239
5219
6572
5053
6853
3
4596
199
2504
6175
426
390
6690
2825
5384
6212
1869
8364
4925
7011
4474
9859
9088
1212
7010
8607
2739
9169
7178
3593
7790
527
3767
1782
7833
4061
3156
6592
4481
9832
6241
2850
5229
3288
5386
338
6301
9083
298
6889
9742
1779
4369
8540
2500
4240
6361
8179
6354
8202
7595
7727
603
9888
8318
4480
5882
327
1239
4762
9827
6723
4725
7329
2023
7423
6701
6883
5956
5404
2236
4750
5702
9572
9807
2430
7355
4289
1729
9095
860
179
1847
4009
5727
2939
3755
1556
2473
9638
6793
9594
7104
9844
1943
1393
4004
4509
8679
8872
9852
6763
3420
3164
8145
523
1914
8875
8975
7175
5302
6604
3173
4986
6959
7733
3887
3138
2229
6998
6704
3302
9727
1695
6009
8631
7537
6510
3597
197
7376
5179
990
5585
7077
8459
526
3695
7015
1185
8282
4976
9819
5883
4423
7402
1986
5294
6771
3738
8238
7115
3841
9267
6501
6678
8078
1335
799
2266
294
378
6991
6240
3987
2346
3160
5522
5704
2245
9058
662
9631
4960
5120
2766
6020
7801
5853
4739
7687
9292
2861
9136
4618
3508
5618
8864
7126
5651
1233
8328
8692
9801
9990
3158
9925
1776
3669
1821
9346
6155
6382
8526
5686
5910
4996
8910
9695
9086
5508
5636
8208
8249
5719
4792
3350
1385
463
3888
9850
1885
2383
7462
3698
4749
955
902
6988
1289
9523
3674
7873
4577
8160
6313
450
8513
1666
4466
6351
2086
5841
7540
737
8900
3501
4685
2477
8759
171
2581
6459
3022
4832
7203
7086
6004
2894
4517
5889
1236
9789
3384
2384
2545
9733
3972
5606
810
2774
7636
3387
1230
3409
9269
5284
5687
7291
9605
2732
183
2428
7983
4977
3765
7658
2035
9646
3956
4067
4592
2459
4355
8040
5667
7816
5757
2247
7272
3319
91
3124
5077
639
3985
3689
2830
7141
9561
4927
3713
936
3057
5827
2813
3570
8885
5577
2657
8201
90
905
3629
3519
9961
8224
8592
1014
3566
9283
8889
3865
9833
2283
4324
537
7185
6289
9620
2008
3132
7049
9521
7384
1574
595
9506
6835
2319
6950
5845
3283
6447
8163
2547
3555
2329
8581
7530
2506
5829
3856
4162
9326
7647
6172
9811
6650
3668
4972
1038
7866
1209
8052
2526
9415
2186
2330
6349
517
5336
8150
4919
2441
6387
1903
2788
2620
3405
8643
8945
1875
5379
8501
4930
8504
6933
9969
8296
3053
6870
2979
2113
5417
6159
7980
2403
2914
1327
8031
3412
2474
9747
2957
4078
5774
1804
398
3694
2646
1267
1643
8677
6360
7108
3226
7195
3415
6615
192
9637
5487
6980
1057
3425
8332
8867
4209
1
9711
8593
5540
4013
3859
8402
9777
9009
7890
9236
2527
6032
1443
8724
8871
3321
3702
9056
3660
2083
784
7303
3864
5979
4427
8508
1754
7322
6784
6665
168
6590
3061
3402
2934
9873
2856
8256
763
652
4752
9411
5464
9161
7080
8440
9699
8866
6074
6385
3316
907
437
6812
6638
3050
9191
1942
6428
3165
52
2482
3730
2225
3643
3482
8788
4877
6458
7508
6319
4600
3282
8926
746
5377
3204
5245
4830
6741
9406
3139
863
3701
2654
3531
704
7783
2419
5072
366
2120
1893
4979
7860
9135
884
2358
1839
3414
7875
3652
4611
5264
7604
8266
5211
6019
3869
3247
9532
9234
160
7040
3273
608
9184
6547
3975
5705
6689
7320
2223
8496
1712
7340
6652
3993
9875
6618
6268
9908
9357
2687
2727
6603
8649
5143
2754
4358
8841
1179
1687
7941
3246
1025
500
8576
6902
649
4676
2374
5129
8652
7258
86
104
3704
7673
8324
4298
7541
881
8789
8298
6384
616
133
8935
9584
4995
7166
8839
6408
3195
7528
105
9166
3810
1419
9967
2341
3465
6961
3621
4232
5231
7757
9943
1680
2611
3179
9780
2671
9652
3948
5568
618
9911
4865
6867
7199
4961
8830
165
2544
542
972
2111
1012
8485
4854
8702
6324
3189
4666
4185
4161
2299
6856
2608
4192
4683
6174
8002
7512
2586
2351
5634
8965
8934
2770
3348
9965
8107
2569
5469
8343
2641
7646
674
8278
6491
4662
2191
4646
696
4622
6791
6437
8901
4839
898
5893
5501
8446
4226
8377
9367
2368
4071
5357
76
7217
9960
1186
1078
217
4882
7905
2510
3066
2694
9208
4330
4379
6565
1600
9890
9628
43
7642
6017
2597
4599
2456
8464
8700
2453
3737
7163
5224
2639
8803
2408
7435
4718
8489
9444
9140
1435
323
3386
3079
3950
3916
3123
5659
3764
9273
309
9446
4125
7020
807
950
7735
1127
3110
5965
6362
3861
275
4197
4674
1873
2760
157
5247
951
5024
3866
7439
7455
768
5943
3002
9872
3513
3630
8563
2807
7453
9596
8745
2884
3829
1648
3122
459
5447
3468
581
4513
2320
4416
4888
3723
3011
2200
8121
1178
3242
1397
6684
765
5353
9138
1262
4233
1509
6934
1366
6130
2183
3588
8569
9845
1851
1088
3511
1018
9227
7428
801
9690
3499
3336
4084
5466
9434
99
507
3353
1573
3394
3428
5401
5914
4081
2666
413
3039
5515
7328
1846
8779
2839
3957
9666
2942
4731
9678
4497
9355
6620
6764
614
6543
3902
3127
9839
206
7518
1970
430
9271
6304
6156
8008
1585
4738
1617
7903
1305
535
4746
5720
9924
375
4778
5931
2782
911
201
3983
9982
6892
7714
9418
1130
5200
1958
3392
2920
7837
4631
9455
6060
5097
4376
3651
7906
1946
7050
4529
5411
9476
490
2444
8952
4609
8601
1881
9163
401
9449
8947
54
205
5347
8130
7591
5549
8418
9964
9787
8455
4831
3280
2385
7577
9568
7742
8968
1468
4495
6439
3838
7267
4340
4507
3839
9971
9332
9917
2882
2729
9543
2296
836
2036
6941
9615
1694
7256
5020
2177
5206
363
3820
1065
1672
8644
5071
258
4764
410
1748
9713
9767
8363
2235
2271
831
2469
5452
4521
1939
7754
6694
786
2709
6517
2896
9816
7269
6945
1904
2958
821
9556
1991
9270
1529
77
1608
8693
5532
7324
743
5435
4329
3892
3275
9153
1334
5550
8944
5500
4801
5123
9245
5818
1886
5111
9328
6923
478
770
2824
4450
3378
3141
230
7347
226
3188
1602
819
4100
1738
874
788
4315
7004
3992
7601
8525
3995
4745
4371
1031
1763
7532
1177
4046
4855
6336
7876
1457
4782
7147
4390
8774
8827
8014
1161
5590
8242
2010
5981
6880
1257
6960
4998
9024
6874
2879
7838
764
7982
7811
2680
5699
7782
8903
1074
7316
4082
155
1027
3151
1906
4584
4840
2772
3577
8942
8289
2338
9489
643
910
8734
4898
9266
4853
7225
6435
3236
9402
1872
4448
5815
3036
516
5494
7379
2006
2317
9618
9353
4183
5486
2364
6598
3675
6005
3806
4212
6388
1538
2947
6294
3582
499
6254
3450
7964
8113
4041
2688
3260
1302
5016
4604
5496
9643
7818
3930
6893
475
7842
1261
8699
9756
6370
2838
6026
9197
4564
8362
8146
7792
7582
1813
9260
7901
336
506
4475
4456
2145
5654
65
6305
9774
3659
3355
1076
1803
7793
3906
9746
5061
3032
3443
3452
8487
4760
6691
2679
3087
3485
9084
1388
3847
3789
6298
6097
5473
1077
4973
1284
2201
3554
1242
7139
5132
4124
6461
8222
8320
4253
7157
9870
7883
397
1475
2009
6616
1530
1241
2243
1762
9551
5761
3248
1568
3325
8170
6584
6985
7468
1452
4147
4286
35
4250
2637
3169
9381
2748
7900
4734
3136
7130
6677
723
8484
4090
3152
348
392
9866
9045
6471
4772
2304
8016
4786
7212
9438
112
4713
1532
1505
9783
9450
1020
5526
4051
3177
7387
2001
8027
5629
866
8813
5066
1685
3097
1480
1341
7021
5054
5394
2011
3252
3009
5026
6657
5144
9142
4863
2919
7949
7283
8680
5254
931
8836
6913
7364
2090
7784
8024
3471
3947
1152
1017
5565
7584
4967
1263
6176
4845
8904
436
513
3131
4204
8530
4282
8422
174
1447
6975
536
5495
5171
6092
1063
4070
2465
6505
2284
6433
880
268
213
6011
9953
8615
8101
4191
4820
1387
3883
3300
9380
2098
9812
301
3650
3890
2254
7644
6104
7022
5880
9658
8270
2057
5624
5884
4753
7643
8558
5917
5441
3726
4391
3016
7764
3250
5388
2878
4322
5003
9959
137
8837
7682
4777
7287
8036
5309
7974
7634
6839
9048
7246
3640
8141
3142
5109
9895
4200
7194
346
1624
9781
8610
6260
9710
7960
1079
4490
4828
8762
8917
8574
6599
4397
2601
6015
7710
1308
6968
9869
1415
3994
5633
3187
4383
1713
9256
1349
8600
1490
8605
6419
4272
8908
9078
7155
9940
2710
9349
200
3543
9077
7168
1955
7093
1104
2488
3018
3749
3157
5697
8772
561
488
5113
5292
854
4533
1207
1670
9673
794
8376
6344
8857
8876
9347
2002
8722
4258
4642
7546
1508
216
6554
2106
8623
8384
1100
9223
5042
4798
1240
9373
8957
1211
69
6218
5459
3086
8953
9034
4184
2514
2268
4637
232
6314
7902
2580
8985
9841
3667
9944
2812
1910
7886
6403
3851
4231
15
2999
8571
6735
7545
7948
6568
8356
4026
2297
7450
4411
6390
9793
3134
5944
1897
5754
4842
7124
3005
3092
3467
2184
9564
8925
3857
7003
1469
7857
6267
7122
2467
4019
9144
4011
6781
7148
4539
161
3493
1085
8471
5993
7666
7378
7301
7026
1662
5423
3840
9221
238
1817
7264
67
3775
5558
1004
6069
8479
4908
7103
2494
1174
449
3544
5225
2154
123
3692
1249
6734
4612
1132
5786
7598
914
3244
7489
8859
6612
3379
8443
2918
543
7202
4983
4558
489
6234
1806
2030
4763
2454
2781
1473
7305
5091
1952
7398
2156
901
1116
9123
2513
6747
8891
8468
8923
438
317
1412
1379
3942
4362
2172
675
9212
9715
9137
857
1141
2491
7664
5669
4136
2794
8244
3128
4171
3358
4188
7218
7235
6214
8898
4653
9979
9604
427
9761
3472
8750
965
5304
451
2684
9840
4946
5037
6788
1355
7896
8799
8720
9194
3819
9857
3056
5780
1888
7014
970
2067
1135
2800
7061
709
8168
3804
6422
851
1874
1102
4837
7746
4598
6440
4795
3285
5006
7357
5021
4249
2941
460
4656
5439
9159
1218
8334
9456
9891
7731
141
7442
3212
5218
2966
7662
3795
5866
4943
7847
7979
3108
8375
5092
6341
8061
8063
154
1357
5683
5312
1444
2658
6259
9115
6180
9864
2994
4648
5716
6754
2063
3010
4678
9202
5911
5194
2821
1425
9487
6804
4027
2796
6940
7457
4107
672
5737
3567
1736
5600
3658
1058
4148
5316
4117
2749
2295
2982
9610
1099
4537
3776
4284
7431
9723
8579
1827
6736
4299
4252
1200
2021
5861
775
4234
3787
8862
2972
4262
1060
6297
9794
5571
5756
9377
3649
4897
7583
5877
32
145
2418
5985
986
135
6395
6201
4659
6683
1554
7463
6225
3215
4873
8221
96
9976
738
6661
2502
4857
593
1168
9019
153
2221
8228
7620
8684
6031
7615
5235
4106
9376
5935
6481
1879
7140
6583
189
3647
8654
9575
6257
9343
5195
4048
745
4548
1871
9331
8555
6066
29
4699
3821
4499
6664
4349
2531
9613
3161
4328
4323
173
5341
5808
6920
4374
4938
8035
3982
5792
3186
6102
8881
8811
2582
9909
1486
3220
7012
1500
1134
1564
3745
9345
4140
6904
5671
5816
8970
6713
5090
5208
6215
3019
333
5069
1070
4267
2593
7198
9970
6310
9531
2380
6401
1750
1619
6242
7698
1999
1111
5463
8162
7266
9277
8420
6756
7978
2180
4462
7536
7931
1927
7808
9448
27
852
7815
1773
5000
2109
1917
6955
1658
9073
1807
9205
177
5830
1344
6255
6881
598
1046
2874
9020
8147
3891
6601
5988
3480
4489
9368
1823
2434
2100
3727
4178
1336
6220
2634
2899
1294
3837
502
1005
8589
4907
101
1125
9653
12
985
7401
992
118
3576
7466
6546
3054
9823
2481
949
2853
5572
3590
3404
5596
5945
9656
5402
9798
9955
3224
4899
9893
1613
4304
9203
5530
4850
4623
9433
1949
2985
1365
7250
441
1856
5472
7350
8330
4130
8115
948
4119
3463
281
1657
9885
5045
8386
4633
5675
1409
8308
4665
8723
1884
7585
9154
7051
5835
3381
7695
7173
1201
7224
4880
2309
9612
7338
4364
2166
3699
1521
2741
6144
7831
4096
2759
4025
6058
6330
6646
3291
269
8139
3693
4035
2064
379
8124
4722
9671
4774
9978
2194
4560
9563
8567
8719
3052
4671
4060
3753
9359
6441
4395
4325
9585
28
6316
6614
9103
8354
7728
5181
6277
5904
6895
6193
7607
7054
5073
3440
7285
8310
5764
1464
5738
4969
4150
1121
4055
3571
1531
886
9217
4940
3734
3759
2669
4176
633
1286
113
2828
4984
3444
9071
5846
6389
8907
487
2903
984
9287
4444
7251
3831
4069
9168
7730
9213
7971
3042
798
2717
4452
7028
8206
3685
5324
8151
3207
7524
3968
838
1756
2852
7633
1833
7300
2233
411
592
9547
7924
6810
2032
9463
896
5804
5563
1217
389
7561
4923
6416
5094
4429
7515
5582
5653
9038
9409
6086
5352
1144
1303
9657
1581
455
296
8192
8507
3274
5063
287
5375
1548
2414
1771
2040
159
974
3604
6276
7309
1828
4587
2321
8776
94
3614
1830
9765
5919
3518
3181
2631
5597
9716
4692
6036
8401
9183
4945
988
4619
92
9662
3575
9226
2865
5155
1034
9595
3705
1292
9576
8930
3805
9868
3991
6761
193
7992
1954
1892
4765
9322
4076
1259
2715
7575
2149
8879
4042
9484
9439
1569
3773
2328
9290
9530
6845
7222
9447
130
2427
8405
2549
7068
774
8409
5437
2632
7295
60
6507
732
3540
162
1690
2662
8012
6196
7780
8382
186
6813
1576
8171
4087
1760
6708
2216
59
6035
9164
7713
7101
7243
3267
967
1675
3413
6794
9480
6230
4050
7312
8753
3099
1882
3446
1169
4319
277
9262
8856
7196
8156
3873
8142
8435
4958
6852
6010
6307
7098
6171
8033
2891
3178
2092
1822
7851
4635
3720
9426
8347
7969
2065
9520
6256
5330
9939
589
7099
4469
8673
3818
5041
8490
8065
1978
2923
557
1921
2623
2683
6900
2992
5562
676
1998
58
5918
4914
121
4964
7326
9429
6610
7632
5876
9148
8598
8111
4785
8742
5509
3311
45
5291
7987
4089
5477
1322
5307
3622
894
4829
6238
694
5263
1865
8017
5011
8637
3000
9028
6654
9485
9589
8613
7750
7761
2227
3809
5081
1190
9330
3055
9999
9001
6843
4473
6608
4382
9912
9907
9143
8596
7725
4915
7671
5643
5162
7145
3255
9310
7892
8102
3801
6830
7405
3561
9454
2051
5842
3115
3958
365
1359
5548
8205
8404
845
8730
889
8993
752
2607
9461
3314
1255
1283
4680
4926
4108
166
7487
1019
8467
3729
5655
7464
1514
3507
6540
1701
4012
668
8469
8629
804
486
1936
3932
5784
3899
2484
1544
480
4354
1383
3690
4460
7360
3939
5726
4159
7690
2938
9059
6910
5694
5960
2672
3836
5178
580
3565
5604
4755
7473
6139
256
1072
8005
5948
6580
4860
5239
6774
7788
8025
8709
3299
1702
9443
4483
2055
2324
7131
5122
7359
7959
3153
3496
8666
8157
9782
4144
8617
4506
493
2815
1306
7800
4222
999
7424
7132
7729
4806
3380
2213
1964
9809
2446
9725
922
6581
3090
5544
7874
3931
7915
610
6803
1256
5947
6170
6711
9114
6878
2745
4547
7769
8535
7278
843
9591
538
5832
3287
6926
2466
3967
4834
8833
6184
4573
2842
8285
7650
1203
6848
4313
434
1829
6243
4661
7779
2353
3913
8136
8470
7477
9994
6727
3935
6854
927
7227
8534
9329
8445
8200
9906
729
6869
7394
4154
3559
2975
9552
6548
1158
6065
8292
1840
6851
7813
5154
706
6550
5688
9419
5977
2195
180
4679
8389
5698
3696
41
8250
3589
1277
8410
329
184
9309
6511
8197
6733
8977
7495
7657
1960
1824
1901
546
3989
7777
3633
93
8259
1878
9684
875
1082
8442
1407
9958
8850
5311
3585
6302
9316
3903
8411
8561
2950
3881
9569
4502
4294
733
9064
8340
9636
5343
8893
3936
388
1064
169
1103
3476
7990
9174
623
3609
9352
3758
1950
7943
7112
9274
6328
7854
2609
2731
3477
422
7737
3645
9004
4864
178
9877
3077
6825
3332
5961
3149
1794
7944
7694
9261
6946
2917
8498
1990
9858
1928
3679
1673
8995
8689
5605
3569
705
7858
3871
61
7621
4261
8412
6566
1835
6712
452
5777
5785
9248
1109
2971
9254
2986
1214
1499
2068
300
4228
71
3886
4950
3537
3928
5901
5511
7506
5491
1503
6446
7936
4881
5232
1659
6585
5333
5424
4522
1439
8333
3194
7410
8215
1449
4574
9017
9603
8415
9096
2076
4075
239
5431
2616
7187
7840
1463
6353
7286
4403
6235
4681
3882
6834
9818
4310
8683
4224
8556
7701
3539
1582
748
9507
8463
2375
4375
4636
5813
251
5410
98
9442
8921
638
9128
7887
3015
4455
4268
6199
2508
2003
6109
9464
7417
6364
2955
6448
4555
7383
9000
7568
7544
5569
3421
3523
4023
5017
5354
2311
4627
2286
8392
5978
8748
996
25
8691
484
9354
7864
5650
3326
3301
969
6157
5058
9941
1332
2024
8708
7703
3383
3101
1848
7692
7736
9502
508
2612
1541
5044
3339
345
8546
1089
885
7968
2705
9884
2987
5403
2421
7237
9158
3105
2615
5970
7192
2230
4244
8646
354
9375
6295
4314
2730
3743
306
9400
3858
2534
2870
916
3337
8913
9325
6994
5763
7496
5902
8167
2561
4471
6135
2803
1067
7491
2415
7156
6363
7027
4549
8572
9537
2373
6380
2560
7891
4114
5203
5419
4626
1084
6729
563
8657
2102
357
3639
5240
1972
3893
7262
8577
8261
5152
9407
4138
2507
7361
7707
8982
5019
2461
8472
663
2127
3309
6796
7550
4406
1725
2084
1424
6101
7365
3784
5080
7744
4451
646
8068
8590
6593
7928
6799
7627
908
4238
7144
9390
3965
8777
6695
8660
110
9431
7060
4503
5559
7558
6679
3997
8676
5227
7963
2915
111
8290
8346
3067
3517
146
6369
6272
4001
2122
2831
6169
2568
6984
780
5748
7696
3850
1206
3587
4360
7069
2264
8258
1516
6730
8559
2711
8429
2395
7649
8276
1534
1997
3397
3014
9075
4518
1021
3447
9224
2224
9539
6681
9898
9548
3281
7825
3541
8721
2649
1930
9080
6484
6649
9509
2816
5969
9425
751
4459
304
319
5796
3547
6039
4464
6828
5680
5881
7297
1296
7535
783
6894
8100
8372
6767
4344
9736
9394
359
4005
7519
6588
7881
3722
7932
8997
4307
6750
6790
5921
4127
6095
5257
7236
5484
3175
8807
3430
5339
8077
5014
9905
4651
6846
7273
2396
6687
22
3360
1966
2512
5814
8275
7480
4056
2117
1995
6885
6044
3411
6633
9131
3455
5519
7951
923
9571
8006
5087
3953
37
9298
7076
677
219
4036
9436
9900
3750
630
3874
9072
7279
3341
6046
6999
6049
2652
9356
1867
8802
7201
2334
4417
7062
2864
8978
3697
3505
2659
4225
2935
5860
126
2798
439
443
1301
4103
4856
6108
534
892
2241
6016
2988
7343
7966
8870
3952
6222
4557
5793
5124
5480
4942
9342
9074
9624
4297
1789
3573
3521
5980
1786
9784
2298
7709
3778
9085
7799
5436
9121
1304
4990
9133
8433
1107
4410
2638
3269
8129
6121
7337
445
7814
9508
1926
1652
1487
8043
1071
825
330
2610
5518
2340
3454
7513
1353
8787
8028
3219
3845
1467
4896
3846
6284
2881
9295
7444
4791
8304
1238
5215
619
9441
529
8462
8797
6837
7036
9515
2004
5638
2889
6768
628
4920
9938
3403
2862
4372
4295
4088
5524
9440
6232
4742
8638
4953
5029
1440
1765
5318
1965
9027
2139
873
9311
3225
6415
26
8041
3879
5848
7170
7509
1940
8801
5663
262
1784
4306
5728
7797
9391
9150
242
233
2205
6368
7689
4153
6377
4163
806
6617
4368
6938
2424
1637
4394
3206
312
9366
6821
4511
2455
3710
5064
1477
7795
8152
2044
89
8198
1053
167
2074
5298
2495
6529
5851
5946
6922
6989
3512
2211
7193
2984
4345
6073
3733
2734
6381
2178
9222
82
9503
7824
1050
5682
960
3210
6817
4425
4487
372
7622
2322
4381
3460
9478
2249
2993
2270
9113
3884
8896
3835
182
5894
4891
625
3374
9007
5314
4955
673
1358
3007
3990
6082
588
4341
1922
549
9694
2369
3971
8301
5488
8989
236
7740
981
1030
9372
1524
3144
3580
9493
4367
8255
8524
4902
943
5700
2692
6786
6096
6820
8664
525
800
9482
3794
8547
2310
5446
6118
769
2647
4454
1698
9913
2517
2897
109
6041
3290
6090
2624
6047
6189
5277
5768
6140
8458
3294
5351
6971
548
3469
7755
3111
9769
2115
9712
5279
3545
991
3312
5145
7389
3174
2924
5872
2959
6158
2571
7556
2212
5187
7547
2778
590
5270
4737
5649
8886
423
7908
6921
7152
4248
1974
9305
1553
6331
9920
8696
660
8209
4913
4433
6728
757
444
7425
5116
7358
1250
5996
6602
3078
5516
7773
1787
5440
1062
2758
2108
5928
4350
3676
9592
6367
402
8718
4033
9855
4049
1935
6882
1711
6891
7445
6972
5556
6909
2594
7614
3298
353
4396
2192
1056
5103
6160
4073
5863
3395
9930
1248
7699
7789
9195
3688
1268
7514
5095
4787
3368
6757
2696
8122
8820
605
4743
2929
2563
876
2819
645
8233
7984
6224
8117
4356
2013
5434
3102
9986
9738
4892
6898
9300
8366
6000
6246
3904
9968
458
4281
4534
5564
7073
1007
9691
150
744
2312
116
4017
7697
5217
5929
2342
622
4690
5023
8331
6399
1714
3834
7136
9932
9993
5553
5259
1328
1543
7395
865
9536
1080
7094
8003
6639
4889
2190
7373
8453
6081
9825
7739
6485
3234
260
2123
3183
6702
3266
6141
6347
3741
1163
2498
4251
7904
9562
5481
5147
2746
4293
8492
8085
5233
9393
2124
1026
6478
497
6609
3854
1363
6226
2285
648
620
2157
7850
1052
5646
8675
7589
1891
5204
1618
1777
8450
403
7275
2835
9511
6597
8112
8969
1128
8831
6145
9735
4066
6110
1686
8279
3783
4821
3362
1313
890
2622
8542
7628
2136
8591
342
2437
740
6693
533
7787
3429
564
7106
7437
9151
6901
8038
2091
9296
8766
7947
3980
2018
6778
253
8824
7975
4491
4113
9200
387
1660
3964
1124
5498
8449
9966
2394
3363
8045
846
2356
5119
7760
358
1414
5355
9654
9704
4843
9705
8562
6660
2103
7867
5610
5361
6270
4256
2847
7599
1896
5013
8701
895
4804
515
5319
9206
9278
2575
5510
9403
6600
3335
4111
4216
1494
1737
9867
9294
7955
8181
5968
942
9483
4478
6779
5885
8254
1138
5497
4542
2142
882
1501
9276
6534
1120
9587
8698
5106
8428
2144
7609
1632
2017
3357
4700
5589
6537
1577
6630
9887
2973
1022
7327
7226
7726
2829
1593
5657
8838
51
39
6490
4308
9272
9607
4170
941
7618
1647
8958
9557
5810
5093
4833
7184
4530
8606
2818
414
4472
7629
6037
5745
9422
1838
5723
2530
4947
3293
1510
1768
207
4384
1728
1599
6967
9350
5767
8636
9688
8406
6391
521
7869
4841
5941
4029
286
6520
4929
243
250
7863
3768
1603
2497
7753
8514
8325
1194
370
4043
9013
8327
4121
6167
7332
7988
9824
9237
6523
1820
8011
9189
2578
3059
9141
4994
8511
3944
8626
496
3330
132
2949
351
8909
3868
2134
6410
8315
2392
6122
9703
79
8515
9178
1246
6475
8416
4156
577
7238
3390
4900
6059
1858
2700
6285
7418
2325
6877
1808
805
9987
5521
5513
1023
3352
4634
3095
343
4705
5734
1149
3763
5337
2664
7861
9371
8943
7656
8707
9282
4858
2000
6769
1831
4274
95
5462
9112
8821
3492
8419
8083
1340
9258
8854
5983
8565
9125
6674
5033
1364
9063
813
6859
6685
5128
7925
6094
9319
4694
8711
5342
9180
792
1709
3213
5273
9554
5617
3089
2487
2463
6570
9602
2
3154
5380
4992
5253
5372
4816
8066
2799
2845
3433
7048
9836
476
8173
293
2350
2339
8337
5420
6423
1175
9111
8865
4887
2493
9100
5824
7151
7839
4463
3308
8476
7606
4944
699
832
2404
772
5117
4094
4974
2347
8236
2175
7719
5843
681
5183
7244
8497
1069
3999
2636
6863
8519
8137
5951
8494
5602
1215
7986
9837
6553
3603
4867
510
8488
4570
8125
6233
2554
6993
1741
3855
6658
6912
5536
3500
6317
2948
4932
2555
3998
432
6621
3798
2913
8091
790
1758
5399
505
396
7827
8911
5647
9935
1314
3033
4594
532
3196
1226
7090
172
4418
9501
1626
5751
218
7160
8938
4614
664
4962
5149
8421
23
6979
7587
9686
8999
3578
9880
8434
8397
5408
7693
2292
124
9600
3338
9817
6956
8240
7493
8073
8235
3527
1850
2417
7128
3197
4288
626
8120
7314
7451
1430
6048
8752
5732
5849
4588
7929
9714
8295
2964
1578
2476
722
3231
6207
4569
7872
1915
1048
5864
1801
3473
6770
1961
492
6569
6992
9284
3557
5393
4756
5641
8976
658
758
3986
7005
1459
1299
2540
3432
9318
7828
5493
2119
8767
6595
2733
8588
6431
6907
1983
6274
1428
9130
4761
6675
8086
1098
4309
5770
8108
6558
235
4392
7879
3731
1251
270
9453
6589
9182
5801
4032
8216
3466
5461
8394
7105
5733
6952
313
2457
1938
4236
5591
7521
9599
46
6393
6409
78
36
7704
6366
1137
6862
7921
4720
3400
2289
9379
644
2282
8477
6128
8087
5296
5139
8509
4641
8851
578
2871
7597
8622
5392
9685
4105
2141
38
468
3817
9043
2590
1861
5644
2174
2452
1438
7120
6271
3401
8374
655
7254
3807
9665
9707
1683
7447
3605
6413
2834
2904
369
1894
7888
4562
6692
9581
6549
8030
407
1229
4057
5101
5744
7870
6311
4091
266
7653
7565
1047
8716
5652
5050
9051
5
9315
3424
3434
119
2511
1210
4380
3494
713
6518
1411
8729
716
5255
1749
6191
4428
4704
6513
9145
6705
7927
440
7134
6098
1579
7325
1373
4175
2209
6766
2401
6275
4524
9901
3677
4393
8093
6052
350
2382
6293
9853
6335
4563
385
2600
3827
3306
9424
9093
4649
742
4430
3295
682
5676
3004
5586
7759
5457
3257
2877
4540
6064
8582
6876
4318
8665
7411
7123
9640
1453
9032
1418
4040
9364
4701
4259
3263
5429
2038
3230
3791
435
6236
5133
1781
9835
1032
9477
7149
6228
8390
959
9405
3439
1866
5631
9232
6571
3292
8178
5362
3436
10000
2588
8966
7776
2345
1112
8385
3568
7785
5828
6780
6965
6943
325
1860
1403
8687
3984
5262
4312
1337
8817
7055
7427
9285
5831
690
8557
6497
4291
1722
6120
7311
7899
3670
1402
7640
5696
7031
9504
509
8671
2945
9934
9025
384
1166
1902
8370
2810
368
8286
1739
9882
7308
9927
7240
5800
7651
3732
1245
2387
282
7234
8267
3479
4287
6404
7362
842
7660
1805
2931
2054
456
4565
8674
3608
6855
1992
5701
9110
448
7319
9490
8070
4320
6792
5677
2131
3233
4951
514
4572
1638
4435
2399
3611
4968
2096
7096
2725
2406
8806
2605
8628
9384
9639
5301
7619
4335
7958
3909
9035
1044
4695
1171
9172
6801
8013
1173
8060
3925
954
1511
7182
244
2627
9928
7912
5805
7511
9475
3966
5146
8391
1572
6179
2251
6269
3538
2352
2753
8986
3119
6374
1825
7706
9702
6168
8047
718
3921
8165
1975
9916
6464
3211
4728
1316
4468
9387
134
5313
9335
7408
9894
9921
8732
6213
214
6300
8931
5283
1181
7570
1188
583
8350
6057
2565
5819
3747
4736
8439
2806
5367
320
1426
1518
395
3973
2628
5940
1244
8749
2626
273
3426
3034
5395
5913
1812
6656
9902
3520
2210
7836
4770
1156
9822
7659
600
568
1819
5130
2171
6077
4276
1106
5555
1235
7897
3205
7994
8106
9242
3114
5210
8277
7555
7999
9061
4198
9951
7705
5858
4781
7989
683
4400
4989
8378
2890
7503
3715
7543
2648
1555
4630
1766
3041
6100
3979
5927
9644
5315
6731
5797
2551
5731
3254
1462
7588
7674
8653
8894
7223
6202
6536
3564
6710
5451
3342
5238
8618
3182
602
3029
6806
4851
7208
5290
228
6392
3180
4292
1634
8632
4141
7549
1465
2706
8360
3389
900
2458
9344
3223
6849
5202
4724
8731
8761
4559
8746
6286
8180
9299
1451
6283
6115
8630
1129
2315
4810
9057
9243
203
6752
1790
1159
1216
624
8023
8109
2603
8084
1454
9795
1845
7775
6573
6623
1744
8764
8317
6482
9323
3322
9776
7835
1536
8138
4386
2921
9293
5422
3240
4174
3031
9879
400
5445
3040
1033
1371
5158
7063
944
7474
8217
2661
8816
5096
8299
4937
234
9302
1024
9625
2129
5148
7967
9468
2827
9313
6287
978
3146
6831
9698
57
1987
3117
6412
1485
6029
442
3898
4769
5875
9280
4866
305
9228
4644
5587
3771
3271
9577
3167
8127
127
7855
7220
2077
2252
6178
3094
7957
3793
9047
7097
5766
8794
5787
9211
2532
9162
1809
8042
7186
2313
601
5672
4477
3001
4101
7229
2447
8133
7531
8193
5743
7641
72
6125
5769
776
606
6787
9257
2701
3927
9209
8383
7016
4917
6357
7265
6641
4441
3912
5047
791
6582
8166
8847
5416
4277
3147
3635
9513
4237
1016
5779
2348
240
5507
2168
4363
5489
1645
6123
5615
4152
2416
8094
7909
8336
4741
2606
1580
9752
9753
9626
1224
4624
1540
3118
6815
7261
2541
9922
6126
9800
9751
2775
7380
9647
6430
9516
4732
617
6248
926
6785
6698
6744
6782
2747
9946
8225
6050
5923
1382
7315
8523
3514
2293
3159
877
8092
7976
5725
2538
6671
3849
6973
8322
3406
8311
3637
9843
9495
3276
7504
9608
6795
958
9682
2617
566
5207
8578
7672
4131
7798
5134
3800
2751
7066
4213
85
7352
511
2050
7133
5405
271
1909
48
7533
8972
9954
8758
8686
9385
5865
7569
585
1757
1029
1932
6013
1849
5170
8655
5576
2720
9775
8640
4387
7409
8059
5822
5444
7724
5505
824
1663
1384
4779
8312
631
6819
7345
5525
1081
1616
8873
6252
4494
4186
5034
8089
5523
1953
6494
3665
4080
9988
1604
629
8890
2069
9611
5574
5374
5897
9204
3237
7257
9598
6495
1446
429
5282
2599
8771
2153
1699
5036
9980
9593
2826
128
3534
9627
8067
5364
6445
9565
7370
8735
2053
8756
8474
2138
425
5755
1310
6627
5886
6499
7323
2756
8587
9546
6640
3470
6906
5310
9904
5529
5760
466
6034
4399
5450
621
9745
1549
8234
3981
4206
8090
6488
2925
9693
349
2814
5869
8800
2505
2872
1677
3754
8351
6375
6721
4365
215
1962
68
1778
7029
1110
957
6962
9975
4775
7388
2425
4982
7367
5656
9340
1309
5892
6322
4575
6327
5736
9838
8396
7930
6112
2642
2536
8460
5820
5703
4970
4334
8948
7683
5527
2836
9831
9338
3687
1087
609
4595
6043
2707
220
1153
3098
5321
6861
4326
9549
3278
6530
8062
879
4726
5267
1743
3915
571
2429
8297
3870
7786
8545
6541
5453
1668
9535
2681
4805
9804
726
9915
1399
8140
1755
7774
6296
7603
7154
3191
4123
627
4493
4508
7241
3627
872
2886
3532
8521
2448
924
3655
1575
465
2049
6438
8407
689
6807
2158
3583
1598
8491
4139
4567
4934
1160
4987
2291
7685
8099
1583
1311
2088
4941
491
4173
7165
1562
5268
9288
767
3586
4219
8097
2280
5717
9129
6239
4039
8271
5221
2849
1000
1234
4122
1272
3497
4797
5660
8425
4436
541
8861
4221
6944
1774
7572
9829
8619
6827
1367
8367
7624
1051
8303
7497
9720
2386
773
8741
5334
3657
6231
2763
1275
5275
5691
3464
1513
2478
747
3391
9289
2866
17
7551
2690
6670
853
2306
5406
7346
7592
5609
9201
7113
3599
1717
8284
3638
2037
3202
4714
5209
1253
7046
5425
6334
7075
2234
8493
6686
6083
9198
2832
9648
7025
1095
8451
4706
6879
3344
2557
1232
5547
4985
5963
4235
6489
5710
3318
3251
2104
5241
2930
5679
2558
5261
8319
1594
8483
2912
7557
5812
7678
495
5546
6884
3416
4675
56
1842
7228
1164
464
1783
7200
2222
3896
2887
3613
4015
4807
8172
9079
4606
5409
6931
3509
30
6343
816
4603
9092
1988
5182
8551
7100
7822
7794
915
1096
7299
2450
9094
4586
2022
9199
314
2655
2198
4688
7826
5373
3162
8681
3082
6666
6528
5479
6935
2956
5198
7045
5415
7894
3792
1455
433
2674
2961
7576
5844
5662
9157
5099
4064
1133
1042
2841
1795
2665
8098
3176
1157
953
6990
6434
62
6643
9173
7893
6897
7335
1326
9830
9995
4195
5272
8300
3905
4086
2784
641
2761
2043
2126
2499
4158
6106
833
6659
5242
5765
3579
7035
4031
4110
5430
3962
822
3047
558
4327
3872
2643
321
3626
4357
1117
4582
6932
3595
540
8021
3691
4351
4852
2857
3264
8669
2906
2933
7426
6749
1764
3193
5280
7259
5920
8287
977
7677
7648
1097
4470
778
8996
5958
6645
4874
4638
545
303
9066
4181
7056
8739
7702
7483
3769
7001
8189
1844
9680
7578
5729
9065
2197
3813
735
3943
6873
8548
4616
5172
8232
3222
1479
7945
9700
7191
1826
6574
4823
1433
6555
5722
2579
5297
6291
7281
9351
3058
3562
6373
5465
3345
6544
8538
4826
7078
210
6003
3848
7475
2776
3072
2977
7593
4768
1003
730
5776
9132
2910
5413
6888
2059
9799
2867
6818
9190
3062
5022
1587
5561
3969
1422
8962
2137
8658
6379
1094
9348
7461
7386
9068
4751
9216
9462
2618
4617
724
3373
4215
3043
1417
307
3601
4065
1470
1705
8288
2436
3736
8868
4273
7723
1208
9097
4836
5840
5078
8338
9649
3522
5246
2246
6903
6080
406
2094
9218
5156
7756
9430
2960
4028
7221
7635
6700
9842
9759
7082
5803
1993
6576
3862
7339
3100
2991
5322
7274
9889
7631
7732
9697
636
9997
8961
947
2718
6114
1798
3235
4639
5514
2699
267
5197
6444
9518
550
6716
4160
9555
8020
9320
9314
225
2940
4062
6976
5278
5100
8959
1746
9018
8949
3560
2519
5560
8196
6552
9512
5926
7422
3646
1343
326
4645
2215
9559
4712
7282
2005
8348
3960
5798
9196
1721
6326
4348
9645
11
2276
2367
2602
9107
8345
1664
4058
8262
3963
2650
9926
8928
356
2133
5580
7602
3662
6605
1546
727
9015
6195
3510
7334
2653
70
2743
9417
6628
6025
1271
1614
8230
1150
4422
3364
4620
3028
5856
1601
4773
4824
8532
9545
5216
6748
5018
3216
5449
6928
291
7637
5542
1625
2349
1204
1377
8754
4242
5781
4275
1013
3811
9291
8936
8398
328
4561
5065
5068
7623
5004
6129
4793
6963
5984
5126
4512
9370
8239
2738
3171
6470
560
6871
6133
1589
6263
8914
9179
3529
9865
1908
653
1931
16
1973
3946
376
7400
3121
1285
1381
8791
2107
4045
1913
6321
8604
4904
6864
572
3703
1977
9772
3003
3049
467
7214
7856
9307
5359
2366
1918
8663
2464
1297
7962
6644
308
7085
209
6773
9805
7067
4074
4485
4879
1315
1947
479
5105
8026
7479
8219
9044
9616
4721
2630
9630
6800
5382
3623
2902
1421
976
6455
9050
8883
1114
7138
4710
276
4515
7751
4610
4079
272
9488
4172
9892
8272
4030
259
4818
8760
4199
2187
2269
5850
4201
8611
1843
7043
3239
1339
3331
2238
6173
9973
8809
335
1515
1392
1792
8210
1227
8448
6765
6161
8765
5249
5839
8863
9333
6669
2755
4535
8853
1068
7559
5930
1491
2125
1460
1597
3907
9014
5987
4388
7210
2332
657
8796
2302
5256
1526
6452
8174
4949
1841
4870
7809
7446
2724
3227
7478
2795
8080
355
579
9053
6352
8768
417
8053
4758
9238
64
3190
632
6288
4352
6982
4331
5043
3261
2390
3853
6504
1252
2496
8757
7862
5378
1202
3619
311
8186
7072
3107
3333
4102
6514
5212
1191
3581
4993
2116
1131
1656
817
4132
4601
5251
858
3407
1517
3940
4434
8656
4407
4243
6587
6521
7762
6832
2208
4590
4157
8848
2843
4667
7605
2905
4202
2490
3572
4735
2892
7161
4727
6596
1883
5908
9252
7617
7517
9118
5670
878
3802
8149
6496
3459
7766
5407
1571
4991
3044
1551
471
8329
6667
5008
6811
5346
6147
8998
4246
9021
1378
5949
8967
1189
8441
9763
9089
5639
7470
5059
952
8055
4780
556
3631
1967
5681
1623
2722
7037
6407
7852
9791
4747
5350
263
1775
3200
3553
4660
4207
7919
7770
8852
782
6545
2863
966
8379
883
8177
7018
547
2257
2290
7626
3799
6707
9428
3766
3243
1620
7289
6908
1108
7397
9249
2621
163
903
5102
8941
5002
4317
5625
6783
3900
8199
2114
2181
462
9580
2016
2128
4006
6542
498
191
7171
1523
8763
2900
719
9622
9124
8939
3728
9497
2703
194
6822
3265
2207
6622
8940
1796
5030
33
8849
8075
4044
7781
1139
9766
1615
2020
1522
1265
5873
7081
5398
2989
4687
8461
2811
3502
9821
6198
6724
3303
8452
5383
9815
7349
6917
3437
1941
1653
4536
930
5632
4905
827
8502
1971
44
6911
1123
9876
8148
8326
9337
5603
136
2737
6164
4241
4784
4978
8349
9358
4401
3591
8182
7434
8599
9471
391
7053
2566
9457
5891
9754
6181
2031
1761
3320
1043
2840
4613
9241
1681
3030
8437
685
7233
6814
1450
9219
9729
6024
7566
7110
9719
717
7806
5924
1278
1723
2633
5959
4546
344
382
9102
7895
7552
4492
1376
8387
6091
3714
9146
2027
9297
8522
6651
5010
4302
9583
1345
31
5791
7230
2047
2598
399
2698
4133
5718
4189
7419
961
9574
4008
1036
3642
4566
5802
6463
7420
1061
103
2721
2179
2768
5062
7260
9127
3329
7937
6204
1591
1154
5898
6865
6648
829
386
1374
9899
2501
4585
1317
6717
5051
9785
3740
584
8543
8247
4443
8456
8454
2393
5426
9933
9383
2163
1923
2764
1566
8790
3461
107
979
6500
3933
8937
1800
1628
9578
4835
871
8399
3636
1298
4346
9460
1734
4615
1350
779
3307
8457
5648
7911
9687
6937
394
1506
223
9701
8726
8869
6969
4440
4264
8072
2968
5665
5538
5140
8703
8710
7321
8704
6376
8602
1880
8000
9473
418
3486
1646
5460
946
4453
6743
6247
5190
4182
1436
8685
4263
4526
188
8103
6673
19
5455
4505
2165
4353
4336
1550
5512
4296
9006
830
1502
3093
7117
2548
3515
6966
1192
5358
9681
3762
2525
5771
3481
759
6925
6958
7898
4965
7717
7942
1561
802
9188
2056
3135
2060
6957
6162
2199
5855
9813
1448
9139
5684
968
1320
5057
6826
7645
7681
341
4663
7039
6560
7304
1727
9264
297
6329
2479
4227
522
4811
4166
6929
849
7482
9081
7432
7443
6007
3664
9590
6061
9324
9744
1321
7239
5083
6809
3310
3938
6209
5807
2765
1785
4020
6127
2110
474
8481
2573
9956
524
5052
8447
1706
5612
2981
9401
9036
8531
5783
8694
9748
8473
4305
4053
8056
8633
5708
6970
2802
4265
1083
9046
9533
4696
4952
684
7796
7878
149
2405
8554
4479
8946
4072
4373
6535
241
2237
2678
678
8798
2335
3628
6502
4650
9230
1512
9655
8423
4496
3315
9588
5344
9762
3774
7449
7313
4504
4849
1732
5854
8682
190
5674
4445
1437
4593
9989
3228
3812
3340
2265
3914
9755
8662
7344
9788
5490
1693
4711
8979
7778
2070
4629
3483
3954
7070
670
3949
2860
2294
5890
3064
3456
8642
8744
4928
5387
5661
9689
8164
2951
820
6915
5110
4975
9522
9634
8321
7430
6006
4766
2817
6714
1342
3027
6983
1889
8022
5709
5226
1832
5326
6866
1818
1644
7382
3842
9796
6951
5584
9149
3673
9560
8620
3396
9011
3096
2275
9524
318
5922
2962
9388
3317
9814
4112
9848
4016
8096
4707
1254
5998
7910
8302
6460
3346
3398
7374
5125
7977
5191
5475
1671
7459
6578
6070
221
5323
8568
2876
2963
9432
4155
8846
3498
7017
686
6563
8076
5539
8829
2954
8357
1197
3438
8050
4730
5174
5104
2112
4997
6449
7176
1605
2085
2242
9152
4838
8029
3959
574
9321
596
654
6611
5327
1028
3488
4527
2783
8134
5185
3130
5932
6062
2489
7181
761
278
7330
9861
7150
8727
982
2206
8413
5303
1708
3012
2614
4488
4412
5862
5287
5142
9090
5992
2767
8922
7998
570
6758
2990
2189
6315
9860
7738
3166
5438
693
1537
9312
5317
5166
3129
421
5533
9420
6216
4654
9147
3548
6635
9210
8835
6355
1404
9098
3376
720
4129
5899
5715
9263
7399
8203
4578
6508
8755
3976
918
428
3663
8916
2089
818
2045
3229
2619
7554
5706
2439
8187
7044
5345
917
8688
3594
8081
7231
7763
3620
9040
4447
8229
8544
9730
4398
8845
750
5118
7429
7600
8475
5627
504
1742
2682
8786
6348
6493
9773
142
5962
5668
5035
6949
9437
5942
9519
4597
7560
2105
888
5795
9170
7211
5032
1667
8426
8195
254
3843
4338
2757
4116
6672
7366
2410
7926
6868
265
7946
2686
6538
6273
6372
9281
4689
1280
1650
8987
8625
5621
8712
2693
1059
9339
1408
8161
3431
582
6398
222
5857
1816
656
2278
4484
9929
6453
4115
5601
3781
2780
208
9910
6699
7747
6823
2572
5161
835
6477
528
4432
1369
2160
3106
2388
4146
8621
5613
6706
4179
9207
8960
4733
8408
8560
4869
6087
2689
3203
3442
3648
1270
4520
7172
144
7522
9070
9674
1853
279
9878
5868
9122
7670
6418
5400
1676
3112
3462
6396
4385
5443
9709
7116
2969
1325
8769
483
2518
2543
7510
1759
6436
6625
2362
6371
3683
6040
2391
8316
8832
1629
708
9365
2082
5366
9176
8725
7363
5468
7013
8057
322
4278
5664
4405
8365
6772
4210
814
4748
3796
1243
6899
6981
4668
554
8251
1258
5838
9003
1330
5205
4510
2026
2584
5630
347
2307
3490
1006
754
5368
4098
4868
3120
634
756
1368
3085
4819
7652
9398
7832
4126
8400
7768
8775
797
4339
4449
3735
75
81
749
6457
9731
3707
5397
289
212
3826
2533
9108
195
4697
8359
5414
4465
1627
2670
393
945
3241
3081
8007
4409
7956
1140
6930
8355
2529
360
1075
1432
9304
5752
5499
7197
4959
7716
1606
6709
1472
8963
6506
7247
1590
6467
4230
3356
2524
4625
1684
4605
5775
9527
1495
6739
8927
9408
4034
2564
361
9948
9952
6085
4370
3025
3616
7438
1767
9386
8069
4303
9749
8095
3046
2475
9037
5427
447
5758
4424
987
904
424
687
1924
3334
6045
9856
3908
7377
3625
4939
5349
9369
4875
1347
5713
6939
4647
9002
8227
3634
420
9109
5107
3615
4815
3365
1707
9233
7970
9120
5070
4068
1948
795
9268
2244
8884
760
117
5015
9541
4901
5645
6974
9225
3451
6208
164
2595
2980
5825
4194
5531
4269
2052
3803
1689
7245
8082
2316
6264
7743
7057
4948
1266
4167
5271
1679
2695
9740
8843
2438
8169
2219
2248
3680
6473
3937
481
1527
2240
2167
5592
4554
5622
3897
9677
3746
2431
7118
7950
63
5595
956
5566
2723
8432
8010
5678
8438
5554
1969
4037
9950
8361
5772
8293
461
249
9721
6250
7981
7436
8956
1484
3343
2080
2907
2239
3682
2025
5269
6833
5806
4523
122
2797
9692
1724
3761
6177
2480
755
5966
4579
5833
4677
3361
229
4109
565
3550
4104
3712
7484
5809
6745
7938
5762
1596
9803
8747
8770
4893
809
196
7127
5067
840
8380
1199
5915
7471
9466
4311
8110
3070
4266
4003
1661
3780
6028
4038
6613
4759
6400
5730
1054
8009
8888
8929
3256
2752
9758
4021
7691
5371
725
8648
1362
2809
1290
7665
3038
5281
9361
4421
5782
7564
9116
5714
6451
5012
731
8740
7413
8252
8983
4757
2713
793
789
7573
7180
8503
1864
1920
3296
4437
8899
701
4145
3877
823
7721
8280
1372
1925
2716
8855
4553
867
973
5593
47
8539
9327
5005
3484
3525
5973
6262
4708
6132
7663
9220
8478
1584
3354
7933
1959
1715
5907
108
83
1944
2685
8641
8273
9567
4716
8533
7042
7209
8176
847
1793
5086
1010
3654
531
9526
2848
6149
7481
138
8218
7492
8595
7159
4519
6279
9606
7655
8381
3895
859
934
2288
8226
5201
4151
9491
5289
5084
4343
1456
139
8506
1791
6995
710
3453
3198
1533
7758
6001
3533
3878
7375
6997
9399
13
2228
4788
1916
6575
826
6626
9250
3371
3324
3103
9253
1471
7087
4415
7884
5428
5474
899
8516
7183
148
9642
2377
695
7158
1868
261
6308
4223
8034
7472
3686
5237
2596
5153
962
665
5599
2470
3961
4501
7385
3656
989
3653
6977
1282
8241
8154
928
7119
8717
6153
932
8860
6420
6187
715
9181
2676
1370
1994
7307
1595
9026
5896
8079
3744
2279
8728
6229
5448
9659
3901
7114
8444
864
4924
9451
9301
4576
2411
9185
6850
9052
6737
7654
8651
2407
7507
8414
8431
3305
5025
2625
1406
2226
8823
8667
3542
5151
3088
2413
8185
7846
7065
4531
7973
7765
1957
2967
3143
8237
9828
88
7590
3934
2422
1863
3556
2668
919
7940
9582
9117
7767
4957
2542
2726
6143
7574
3929
6339
8058
9726
1274
3860
255
8064
290
2061
4545
102
87
2314
1172
3068
6030
5628
5305
3279
4047
7242
8912
562
8307
4270
8344
8505
7965
9597
6688
4279
472
8243
5338
129
7485
315
3262
995
6342
2644
6647
237
5950
274
5541
2801
4621
5137
2851
53
7331
5906
3632
8955
5535
8784
2101
8973
1751
5306
5335
5164
8650
5747
2704
2308
4862
470
5159
8183
6182
7336
3535
2440
3681
204
4359
5623
4342
3918
283
6084
4442
9062
9991
8778
4283
8695
6476
2604
3080
7812
4895
4498
40
9470
975
4525
4316
4556
920
7268
9404
569
3516
9126
6519
3876
980
6397
2095
3008
7467
4187
8825
8668
1984
3232
9717
6561
1119
1291
2449
6919
2281
4414
7294
2423
4693
1142
5228
1231
3926
1346
7205
8858
7391
3487
374
5502
3370
6042
5954
9187
1887
4883
7310
2702
3422
9937
2567
7404
5939
1045
9498
4581
3725
8123
6008
8634
6337
1811
4861
5635
688
7038
3924
9155
8223
2854
7206
9778
7820
7848
6323
721
5412
8159
3718
202
3612
7142
4135
5141
7539
4218
7341
6509
707
8583
8341
8575
3889
2371
8840
9664
1630
2272
1001
2485
446
8253
383
1146
8880
8586
9854
1890
7032
5177
8878
2260
6056
9525
8495
4886
3777
3822
3825
5821
1195
7023
6309
8834
8647
519
544
1319
176
1612
5108
3551
9167
3347
3289
7630
5836
3417
2318
8527
2193
615
8114
3133
971
4794
5243
1898
4910
4640
1237
8795
3756
1323
3075
115
692
4571
6703
5160
7499
6244
3035
7676
3013
2397
2188
8268
5308
4214
6742
6632
9360
6838
4894
8812
9609
9
7458
1558
1483
5955
6023
7143
921
5389
4876
3076
2173
9792
5274
1009
1814
8614
9341
7918
703
3359
8220
140
9724
7865
5112
1356
2355
9499
4912
7368
2261
1093
7804
8184
6103
6265
7529
7058
5483
5905
4589
3478
4085
4551
7494
4528
4847
2072
9010
6872
1361
7823
5288
2970
2014
7137
7047
2033
3017
1040
5173
6836
3366
8814
1398
245
9806
5506
3023
1633
1066
3815
7830
6365
55
3711
2078
6918
741
6775
2274
7412
1318
5543
8190
1639
2895
7089
6072
8158
8245
1905
7372
324
6253
4458
4285
7213
5085
1496
4208
2974
5027
4672
2164
4981
8844
9171
5421
5186
8994
2012
3084
1008
3618
9105
9834
3748
2357
5989
9903
2262
1557
7406
6697
3790
224
339
6924
7441
50
8536
4658
1682
5594
771
2176
9231
891
9186
6753
7452
7913
1563
8104
6498
1478
7403
7407
9679
3546
6631
5936
5616
5038
7024
5127
5325
9378
2400
3757
8805
5990
6606
5620
9177
7791
6531
1609
8564
5060
2256
8486
1476
1489
1559
3349
3782
7177
7083
4196
9538
7722
994
5753
2333
9279
6905
8265
9362
935
5749
3719
1674
2997
1312
3824
8974
2492
2451
2785
9650
4844
2277
9683
1400
2909
837
8119
7167
8905
7708
8670
6146
2255
1797
9134
408
6637
1222
4426
3006
5859
1180
7571
4808
8714
257
7817
9374
1649
7669
2146
8207
1622
3977
3021
2412
2805
5136
7
8054
1780
9936
8597
1279
6559
9632
2503
3286
4378
147
5794
5299
7608
8971
2789
4988
246
9042
539
5689
1772
6847
7033
4420
3661
5478
8188
5504
1293
2273
4922
5790
5007
8874
1442
7486
7567
2376
3602
3259
8500
9734
6516
6472
5196
1956
2521
6954
1733
9984
5879
6525
7356
4809
8264
1162
6526
9412
1752
4164
4389
7189
280
6740
1539
8283
5579
6567
8877
8892
1802
9055
3045
310
2663
42
6487
5175
4796
2735
3978
3375
2574
4541
3894
3644
8211
9945
7611
7679
74
9363
4245
8616
7433
6722
1049
3506
856
2740
5778
6079
8044
6338
4544
288
897
3624
8369
8570
6914
2039
5040
2460
812
659
9049
1145
6515
7612
869
97
3037
8706
7248
8128
1497
4669
2196
7179
5852
3875
6479
9919
5567
8954
6021
3024
714
3919
3148
4014
5912
3351
3372
5826
3065
20
3069
6068
8627
3410
6619
8552
6136
1911
6808
5520
4538
3552
3427
8269
5320
4143
9486
9672
3116
5456
4007
2420
5482
6680
4467
9041
2520
9265
3786
8906
9768
1493
5471
6842
9947
7129
5952
8584
2697
7488
9215
8529
2041
1307
8609
4702
2559
1431
2218
1041
181
8015
6996
7354
8518
431
6725
9031
8051
7476
6033
7610
7007
6134
8919
8594
3137
2402
9617
4142
7616
6987
4719
702
6429
3249
4097
7298
5074
2523
7502
6751
143
1836
7553
666
3113
503
1592
5581
9957
3495
9874
5055
1225
6210
3606
640
2203
8143
7993
106
4580
551
7954
3284
3717
2336
404
2217
9104
5534
7803
680
5685
4052
4203
4301
4120
6303
6137
2932
7718
834
3313
5552
3445
7712
2220
2462
7135
4247
5575
7318
1542
5340
2714
6858
4099
8781
4767
8783
7416
906
7534
7030
9505
7351
6054
2432
9553
4885
6350
785
381
1429
9465
9974
2445
9623
9317
6117
8736
7174
8342
1519
567
553
2075
3955
7440
8116
3126
8897
2097
3150
4149
8144
3592
1989
6755
3253
3558
2777
1481
1165
6356
6131
8780
284
5433
8549
4361
6527
1641
8074
4476
1876
152
6075
3393
7369
6450
6018
5773
2779
5230
1610
2365
7079
5356
2151
6299
8368
2370
4118
6465
1420
9076
1113
1934
6953
8553
5079
2073
1375
6205
252
2327
9696
6480
4691
3020
4257
3323
669
1413
2381
1329
5640
4002
4931
3297
4954
3458
211
3140
6860
6947
6063
1401
9421
8204
2736
2546
4771
7188
247
2667
7889
9802
1300
334
5934
5370
1688
7907
1900
6251
1588
1799
3852
1996
1731
2182
405
8