442
798
466
149
838
987
544
319
90
300
657
584
745
559
437
729
403
330
133
424
285
963
883
587
933
711
478
271
630
614
251
440
598
873
650
415
377
254
911
235
138
306
34
70
674
723
624
95
984
786
296
274
412
540
789
665
631
629
239
772
746
473
605
425
542
433
369
201
866
617
92
346
596
712
441
793
279
569
878
172
622
286
812
89
277
289
599
51
985
682
64
839
646
518
231
896
423
619
362
97
855
158
930
900
824
292
991
318
182
408
628
950
471
41
923
643
59
550
885
432
451
211
448
978
977
808
94
967
20
675
417
61
862
45
18
259
562
577
360
993
724
609
859
165
291
130
510
397
939
680
662
188
575
496
234
384
797
477
742
880
110
750
780
753
1000
269
458
516
108
641
365
910
952
461
709
192
249
683
529
391
203
88
907
98
345
480
794
221
854
960
825
889
527
453
288
949
914
702
35
266
807
399
337
54
876
528
975
216
547
863
434
75
137
373
673
710
160
776
347
268
678
58
594
895
392
926
19
307
490
14
572
695
224
491
879
169
63
690
213
865
1
539
548
775
741
283
193
273
707
778
247
499
660
422
175
982
667
668
57
637
734
563
162
749
55
312
882
368
278
843
36
100
649
33
827
714
501
973
618
813
463
781
613
922
500
603
626
322
316
459
114
178
219
661
591
730
332
79
703
610
817
472
438
161
321
462
372
127
996
820
549
146
349
25
40
78
395
504
705
679
942
248
179
912
134
22
653
988
208
981
427
378
204
464
414
877
625
811
672
590
693
252
735
826
493
212
272
874
250
242
21
209
521
763
65
795
344
457
189
696
936
141
44
595
928
864
454
601
475
87
328
607
816
13
479
83
842
290
810
897
82
654
215
11
265
103
314
747
543
276
253
666
29
858
737
974
376
210
850
355
136
359
299
600
101
261
107
343
218
760
207
220
67
830
535
237
426
744
132
194
68
361
139
401
759
748
691
3
917
669
430
48
444
995
174
80
899
832
929
557
567
651
573
658
890
536
578
228
846
566
944
205
439
123
955
428
656
302
407
652
553
229
545
357
152
953
769
511
969
972
768
739
620
994
450
410
871
571
243
512
774
837
124
509
411
934
484
155
168
145
767
986
541
966
173
60
916
69
853
891
755
117
263
676
736
17
468
313
640
851
394
663
847
227
126
688
181
421
921
460
634
611
492
50
756
764
869
185
452
564
170
190
356
570
671
393
39
46
828
698
481
151
467
758
150
861
303
537
852
920
726
256
66
720
429
42
990
932
612
199
143
686
309
792
606
380
898
301
822
31
382
636
436
503
147
886
99
121
74
894
909
383
310
752
494
892
722
76
526
946
766
561
959
140
697
574
187
940
844
867
583
777
186
659
73
708
970
26
260
366
715
431
104
5
375
388
226
647
38
281
687
52
329
831
908
233
275
765
968
694
721
24
989
905
62
964
597
72
677
294
435
246
340
498
402
390
819
308
685
324
334
701
616
520
523
580
965
582
280
782
244
396
135
931
757
488
533
295
796
586
785
311
27
592
353
834
919
305
555
925
102
225
740
927
513
664
348
762
784
848
585
232
505
554
109
47
801
400
9
445
455
23
387
245
370
339
815
180
91
639
469
163
487
326
621
941
405
77
171
198
761
809
56
829
297
81
85
938
841
902
887
648
718
12
538
2
924
904
615
642
418
195
446
751
717
465
976
770
568
888
713
96
293
681
116
342
128
732
358
6
157
980
799
787
350
515
120
404
222
183
4
456
954
992
476
821
15
482
558
113
961
257
857
534
502
8
906
903
507
336
644
945
803
814
870
474
576
323
374
486
153
28
71
731
608
32
10
915
733
389
115
884
802
699
552
773
725
958
371
176
196
791
623
893
333
783
86
589
918
341
956
951
258
49
317
670
532
788
267
881
845
551
53
304
983
129
999
315
531
743
704
148
106
806
692
367
363
238
264
119
604
191
771
470
287
872
823
689
754
386
270
779
327
860
835
406
935
262
335
125
240
805
420
565
379
971
118
645
443
836
979
875
282
901
217
508
868
700
800
997
517
588
483
184
255
818
43
154
325
716
230
962
635
947
144
684
579
416
177
632
530
581
351
197
419
546
790
7
556
37
937
519
627
449
727
320
241
166
331
200
495
338
602
111
998
560
206
112
913
214
354
497
142
833
352
381
804
728
943
856
202
514
298
593
159
655
16
156
236
131
849
364
948
633
84
738
840
223
409
167
284
489
706
719
164
485
385
522
638
524
93
122
447
30
525
957
506
413
398
105